IMG_6159.JPG 10.806862 0.610099 1.133250
output/ucw/IMG_6159/IMG_6159-3-50-0.JPG 10.719338 0.542131 1.111775
output/ucw/IMG_6159/IMG_6159-5-50-0.JPG 10.571414 0.485497 1.103551
IMG_6160.JPG 11.586727 0.633861 1.129367
output/ucw/IMG_6160/IMG_6160-3-50-0.JPG 11.478433 0.556288 1.107987
output/ucw/IMG_6160/IMG_6160-5-50-0.JPG 11.290926 0.488592 1.099585
IMG_6161.JPG 11.294075 0.608377 1.140761
output/ucw/IMG_6161/IMG_6161-3-50-0.JPG 11.196501 0.540066 1.115673
output/ucw/IMG_6161/IMG_6161-5-50-0.JPG 11.007415 0.477911 1.104857
IMG_6162.JPG 11.099537 0.624076 1.126947
output/ucw/IMG_6162/IMG_6162-3-50-0.JPG 11.011150 0.552610 1.107736
output/ucw/IMG_6162/IMG_6162-5-50-0.JPG 10.839135 0.488479 1.099456
